1
0 2035
2046
0 1
0 2
1 3
1 4
3 7
3 8
7 15
7 16
15 31
15 32
31 63
31 64
63 127
63 128
127 255
127 256
255 511
255 512
511 1023
511 1024
512 1025
512 1026
256 513
256 514
513 1027
513 1028
514 1029
514 1030
128 257
128 258
257 515
257 516
515 1031
515 1032
516 1033
516 1034
258 517
258 518
517 1035
517 1036
518 1037
518 1038
64 129
64 130
129 259
129 260
259 519
259 520
519 1039
519 1040
520 1041
520 1042
260 521
260 522
521 1043
521 1044
522 1045
522 1046
130 261
130 262
261 523
261 524
523 1047
523 1048
524 1049
524 1050
262 525
262 526
525 1051
525 1052
526 1053
526 1054
32 65
32 66
65 131
65 132
131 263
131 264
263 527
263 528
527 1055
527 1056
528 1057
528 1058
264 529
264 530
529 1059
529 1060
530 1061
530 1062
132 265
132 266
265 531
265 532
531 1063
531 1064
532 1065
532 1066
266 533
266 534
533 1067
533 1068
534 1069
534 1070
66 133
66 134
133 267
133 268
267 535
267 536
535 1071
535 1072
536 1073
536 1074
268 537
268 538
537 1075
537 1076
538 1077
538 1078
134 269
134 270
269 539
269 540
539 1079
539 1080
540 1081
540 1082
270 541
270 542
541 1083
541 1084
542 1085
542 1086
16 33
16 34
33 67
33 68
67 135
67 136
135 271
135 272
271 543
271 544
543 1087
543 1088
544 1089
544 1090
272 545
272 546
545 1091
545 1092
546 1093
546 1094
136 273
136 274
273 547
273 548
547 1095
547 1096
548 1097
548 1098
274 549
274 550
549 1099
549 1100
550 1101
550 1102
68 137
68 138
137 275
137 276
275 551
275 552
551 1103
551 1104
552 1105
552 1106
276 553
276 554
553 1107
553 1108
554 1109
554 1110
138 277
138 278
277 555
277 556
555 1111
555 1112
556 1113
556 1114
278 557
278 558
557 1115
557 1116
558 1117
558 1118
34 69
34 70
69 139
69 140
139 279
139 280
279 559
279 560
559 1119
559 1120
560 1121
560 1122
280 561
280 562
561 1123
561 1124
562 1125
562 1126
140 281
140 282
281 563
281 564
563 1127
563 1128
564 1129
564 1130
282 565
282 566
565 1131
565 1132
566 1133
566 1134
70 141
70 142
141 283
141 284
283 567
283 568
567 1135
567 1136
568 1137
568 1138
284 569
284 570
569 1139
569 1140
570 1141
570 1142
142 285
142 286
285 571
285 572
571 1143
571 1144
572 1145
572 1146
286 573
286 574
573 1147
573 1148
574 1149
574 1150
8 17
8 18
17 35
17 36
35 71
35 72
71 143
71 144
143 287
143 288
287 575
287 576
575 1151
575 1152
576 1153
576 1154
288 577
288 578
577 1155
577 1156
578 1157
578 1158
144 289
144 290
289 579
289 580
579 1159
579 1160
580 1161
580 1162
290 581
290 582
581 1163
581 1164
582 1165
582 1166
72 145
72 146
145 291
145 292
291 583
291 584
583 1167
583 1168
584 1169
584 1170
292 585
292 586
585 1171
585 1172
586 1173
586 1174
146 293
146 294
293 587
293 588
587 1175
587 1176
588 1177
588 1178
294 589
294 590
589 1179
589 1180
590 1181
590 1182
36 73
36 74
73 147
73 148
147 295
147 296
295 591
295 592
591 1183
591 1184
592 1185
592 1186
296 593
296 594
593 1187
593 1188
594 1189
594 1190
148 297
148 298
297 595
297 596
595 1191
595 1192
596 1193
596 1194
298 597
298 598
597 1195
597 1196
598 1197
598 1198
74 149
74 150
149 299
149 300
299 599
299 600
599 1199
599 1200
600 1201
600 1202
300 601
300 602
601 1203
601 1204
602 1205
602 1206
150 301
150 302
301 603
301 604
603 1207
603 1208
604 1209
604 1210
302 605
302 606
605 1211
605 1212
606 1213
606 1214
18 37
18 38
37 75
37 76
75 151
75 152
151 303
151 304
303 607
303 608
607 1215
607 1216
608 1217
608 1218
304 609
304 610
609 1219
609 1220
610 1221
610 1222
152 305
152 306
305 611
305 612
611 1223
611 1224
612 1225
612 1226
306 613
306 614
613 1227
613 1228
614 1229
614 1230
76 153
76 154
153 307
153 308
307 615
307 616
615 1231
615 1232
616 1233
616 1234
308 617
308 618
617 1235
617 1236
618 1237
618 1238
154 309
154 310
309 619
309 620
619 1239
619 1240
620 1241
620 1242
310 621
310 622
621 1243
621 1244
622 1245
622 1246
38 77
38 78
77 155
77 156
155 311
155 312
311 623
311 624
623 1247
623 1248
624 1249
624 1250
312 625
312 626
625 1251
625 1252
626 1253
626 1254
156 313
156 314
313 627
313 628
627 1255
627 1256
628 1257
628 1258
314 629
314 630
629 1259
629 1260
630 1261
630 1262
78 157
78 158
157 315
157 316
315 631
315 632
631 1263
631 1264
632 1265
632 1266
316 633
316 634
633 1267
633 1268
634 1269
634 1270
158 317
158 318
317 635
317 636
635 1271
635 1272
636 1273
636 1274
318 637
318 638
637 1275
637 1276
638 1277
638 1278
4 9
4 10
9 19
9 20
19 39
19 40
39 79
39 80
79 159
79 160
159 319
159 320
319 639
319 640
639 1279
639 1280
640 1281
640 1282
320 641
320 642
641 1283
641 1284
642 1285
642 1286
160 321
160 322
321 643
321 644
643 1287
643 1288
644 1289
644 1290
322 645
322 646
645 1291
645 1292
646 1293
646 1294
80 161
80 162
161 323
161 324
323 647
323 648
647 1295
647 1296
648 1297
648 1298
324 649
324 650
649 1299
649 1300
650 1301
650 1302
162 325
162 326
325 651
325 652
651 1303
651 1304
652 1305
652 1306
326 653
326 654
653 1307
653 1308
654 1309
654 1310
40 81
40 82
81 163
81 164
163 327
163 328
327 655
327 656
655 1311
655 1312
656 1313
656 1314
328 657
328 658
657 1315
657 1316
658 1317
658 1318
164 329
164 330
329 659
329 660
659 1319
659 1320
660 1321
660 1322
330 661
330 662
661 1323
661 1324
662 1325
662 1326
82 165
82 166
165 331
165 332
331 663
331 664
663 1327
663 1328
664 1329
664 1330
332 665
332 666
665 1331
665 1332
666 1333
666 1334
166 333
166 334
333 667
333 668
667 1335
667 1336
668 1337
668 1338
334 669
334 670
669 1339
669 1340
670 1341
670 1342
20 41
20 42
41 83
41 84
83 167
83 168
167 335
167 336
335 671
335 672
671 1343
671 1344
672 1345
672 1346
336 673
336 674
673 1347
673 1348
674 1349
674 1350
168 337
168 338
337 675
337 676
675 1351
675 1352
676 1353
676 1354
338 677
338 678
677 1355
677 1356
678 1357
678 1358
84 169
84 170
169 339
169 340
339 679
339 680
679 1359
679 1360
680 1361
680 1362
340 681
340 682
681 1363
681 1364
682 1365
682 1366
170 341
170 342
341 683
341 684
683 1367
683 1368
684 1369
684 1370
342 685
342 686
685 1371
685 1372
686 1373
686 1374
42 85
42 86
85 171
85 172
171 343
171 344
343 687
343 688
687 1375
687 1376
688 1377
688 1378
344 689
344 690
689 1379
689 1380
690 1381
690 1382
172 345
172 346
345 691
345 692
691 1383
691 1384
692 1385
692 1386
346 693
346 694
693 1387
693 1388
694 1389
694 1390
86 173
86 174
173 347
173 348
347 695
347 696
695 1391
695 1392
696 1393
696 1394
348 697
348 698
697 1395
697 1396
698 1397
698 1398
174 349
174 350
349 699
349 700
699 1399
699 1400
700 1401
700 1402
350 701
350 702
701 1403
701 1404
702 1405
702 1406
10 21
10 22
21 43
21 44
43 87
43 88
87 175
87 176
175 351
175 352
351 703
351 704
703 1407
703 1408
704 1409
704 1410
352 705
352 706
705 1411
705 1412
706 1413
706 1414
176 353
176 354
353 707
353 708
707 1415
707 1416
708 1417
708 1418
354 709
354 710
709 1419
709 1420
710 1421
710 1422
88 177
88 178
177 355
177 356
355 711
355 712
711 1423
711 1424
712 1425
712 1426
356 713
356 714
713 1427
713 1428
714 1429
714 1430
178 357
178 358
357 715
357 716
715 1431
715 1432
716 1433
716 1434
358 717
358 718
717 1435
717 1436
718 1437
718 1438
44 89
44 90
89 179
89 180
179 359
179 360
359 719
359 720
719 1439
719 1440
720 1441
720 1442
360 721
360 722
721 1443
721 1444
722 1445
722 1446
180 361
180 362
361 723
361 724
723 1447
723 1448
724 1449
724 1450
362 725
362 726
725 1451
725 1452
726 1453
726 1454
90 181
90 182
181 363
181 364
363 727
363 728
727 1455
727 1456
728 1457
728 1458
364 729
364 730
729 1459
729 1460
730 1461
730 1462
182 365
182 366
365 731
365 732
731 1463
731 1464
732 1465
732 1466
366 733
366 734
733 1467
733 1468
734 1469
734 1470
22 45
22 46
45 91
45 92
91 183
91 184
183 367
183 368
367 735
367 736
735 1471
735 1472
736 1473
736 1474
368 737
368 738
737 1475
737 1476
738 1477
738 1478
184 369
184 370
369 739
369 740
739 1479
739 1480
740 1481
740 1482
370 741
370 742
741 1483
741 1484
742 1485
742 1486
92 185
92 186
185 371
185 372
371 743
371 744
743 1487
743 1488
744 1489
744 1490
372 745
372 746
745 1491
745 1492
746 1493
746 1494
186 373
186 374
373 747
373 748
747 1495
747 1496
748 1497
748 1498
374 749
374 750
749 1499
749 1500
750 1501
750 1502
46 93
46 94
93 187
93 188
187 375
187 376
375 751
375 752
751 1503
751 1504
752 1505
752 1506
376 753
376 754
753 1507
753 1508
754 1509
754 1510
188 377
188 378
377 755
377 756
755 1511
755 1512
756 1513
756 1514
378 757
378 758
757 1515
757 1516
758 1517
758 1518
94 189
94 190
189 379
189 380
379 759
379 760
759 1519
759 1520
760 1521
760 1522
380 761
380 762
761 1523
761 1524
762 1525
762 1526
190 381
190 382
381 763
381 764
763 1527
763 1528
764 1529
764 1530
382 765
382 766
765 1531
765 1532
766 1533
766 1534
2 5
2 6
5 11
5 12
11 23
11 24
23 47
23 48
47 95
47 96
95 191
95 192
191 383
191 384
383 767
383 768
767 1535
767 1536
768 1537
768 1538
384 769
384 770
769 1539
769 1540
770 1541
770 1542
192 385
192 386
385 771
385 772
771 1543
771 1544
772 1545
772 1546
386 773
386 774
773 1547
773 1548
774 1549
774 1550
96 193
96 194
193 387
193 388
387 775
387 776
775 1551
775 1552
776 1553
776 1554
388 777
388 778
777 1555
777 1556
778 1557
778 1558
194 389
194 390
389 779
389 780
779 1559
779 1560
780 1561
780 1562
390 781
390 782
781 1563
781 1564
782 1565
782 1566
48 97
48 98
97 195
97 196
195 391
195 392
391 783
391 784
783 1567
783 1568
784 1569
784 1570
392 785
392 786
785 1571
785 1572
786 1573
786 1574
196 393
196 394
393 787
393 788
787 1575
787 1576
788 1577
788 1578
394 789
394 790
789 1579
789 1580
790 1581
790 1582
98 197
98 198
197 395
197 396
395 791
395 792
791 1583
791 1584
792 1585
792 1586
396 793
396 794
793 1587
793 1588
794 1589
794 1590
198 397
198 398
397 795
397 796
795 1591
795 1592
796 1593
796 1594
398 797
398 798
797 1595
797 1596
798 1597
798 1598
24 49
24 50
49 99
49 100
99 199
99 200
199 399
199 400
399 799
399 800
799 1599
799 1600
800 1601
800 1602
400 801
400 802
801 1603
801 1604
802 1605
802 1606
200 401
200 402
401 803
401 804
803 1607
803 1608
804 1609
804 1610
402 805
402 806
805 1611
805 1612
806 1613
806 1614
100 201
100 202
201 403
201 404
403 807
403 808
807 1615
807 1616
808 1617
808 1618
404 809
404 810
809 1619
809 1620
810 1621
810 1622
202 405
202 406
405 811
405 812
811 1623
811 1624
812 1625
812 1626
406 813
406 814
813 1627
813 1628
814 1629
814 1630
50 101
50 102
101 203
101 204
203 407
203 408
407 815
407 816
815 1631
815 1632
816 1633
816 1634
408 817
408 818
817 1635
817 1636
818 1637
818 1638
204 409
204 410
409 819
409 820
819 1639
819 1640
820 1641
820 1642
410 821
410 822
821 1643
821 1644
822 1645
822 1646
102 205
102 206
205 411
205 412
411 823
411 824
823 1647
823 1648
824 1649
824 1650
412 825
412 826
825 1651
825 1652
826 1653
826 1654
206 413
206 414
413 827
413 828
827 1655
827 1656
828 1657
828 1658
414 829
414 830
829 1659
829 1660
830 1661
830 1662
12 25
12 26
25 51
25 52
51 103
51 104
103 207
103 208
207 415
207 416
415 831
415 832
831 1663
831 1664
832 1665
832 1666
416 833
416 834
833 1667
833 1668
834 1669
834 1670
208 417
208 418
417 835
417 836
835 1671
835 1672
836 1673
836 1674
418 837
418 838
837 1675
837 1676
838 1677
838 1678
104 209
104 210
209 419
209 420
419 839
419 840
839 1679
839 1680
840 1681
840 1682
420 841
420 842
841 1683
841 1684
842 1685
842 1686
210 421
210 422
421 843
421 844
843 1687
843 1688
844 1689
844 1690
422 845
422 846
845 1691
845 1692
846 1693
846 1694
52 105
52 106
105 211
105 212
211 423
211 424
423 847
423 848
847 1695
847 1696
848 1697
848 1698
424 849
424 850
849 1699
849 1700
850 1701
850 1702
212 425
212 426
425 851
425 852
851 1703
851 1704
852 1705
852 1706
426 853
426 854
853 1707
853 1708
854 1709
854 1710
106 213
106 214
213 427
213 428
427 855
427 856
855 1711
855 1712
856 1713
856 1714
428 857
428 858
857 1715
857 1716
858 1717
858 1718
214 429
214 430
429 859
429 860
859 1719
859 1720
860 1721
860 1722
430 861
430 862
861 1723
861 1724
862 1725
862 1726
26 53
26 54
53 107
53 108
107 215
107 216
215 431
215 432
431 863
431 864
863 1727
863 1728
864 1729
864 1730
432 865
432 866
865 1731
865 1732
866 1733
866 1734
216 433
216 434
433 867
433 868
867 1735
867 1736
868 1737
868 1738
434 869
434 870
869 1739
869 1740
870 1741
870 1742
108 217
108 218
217 435
217 436
435 871
435 872
871 1743
871 1744
872 1745
872 1746
436 873
436 874
873 1747
873 1748
874 1749
874 1750
218 437
218 438
437 875
437 876
875 1751
875 1752
876 1753
876 1754
438 877
438 878
877 1755
877 1756
878 1757
878 1758
54 109
54 110
109 219
109 220
219 439
219 440
439 879
439 880
879 1759
879 1760
880 1761
880 1762
440 881
440 882
881 1763
881 1764
882 1765
882 1766
220 441
220 442
441 883
441 884
883 1767
883 1768
884 1769
884 1770
442 885
442 886
885 1771
885 1772
886 1773
886 1774
110 221
110 222
221 443
221 444
443 887
443 888
887 1775
887 1776
888 1777
888 1778
444 889
444 890
889 1779
889 1780
890 1781
890 1782
222 445
222 446
445 891
445 892
891 1783
891 1784
892 1785
892 1786
446 893
446 894
893 1787
893 1788
894 1789
894 1790
6 13
6 14
13 27
13 28
27 55
27 56
55 111
55 112
111 223
111 224
223 447
223 448
447 895
447 896
895 1791
895 1792
896 1793
896 1794
448 897
448 898
897 1795
897 1796
898 1797
898 1798
224 449
224 450
449 899
449 900
899 1799
899 1800
900 1801
900 1802
450 901
450 902
901 1803
901 1804
902 1805
902 1806
112 225
112 226
225 451
225 452
451 903
451 904
903 1807
903 1808
904 1809
904 1810
452 905
452 906
905 1811
905 1812
906 1813
906 1814
226 453
226 454
453 907
453 908
907 1815
907 1816
908 1817
908 1818
454 909
454 910
909 1819
909 1820
910 1821
910 1822
56 113
56 114
113 227
113 228
227 455
227 456
455 911
455 912
911 1823
911 1824
912 1825
912 1826
456 913
456 914
913 1827
913 1828
914 1829
914 1830
228 457
228 458
457 915
457 916
915 1831
915 1832
916 1833
916 1834
458 917
458 918
917 1835
917 1836
918 1837
918 1838
114 229
114 230
229 459
229 460
459 919
459 920
919 1839
919 1840
920 1841
920 1842
460 921
460 922
921 1843
921 1844
922 1845
922 1846
230 461
230 462
461 923
461 924
923 1847
923 1848
924 1849
924 1850
462 925
462 926
925 1851
925 1852
926 1853
926 1854
28 57
28 58
57 115
57 116
115 231
115 232
231 463
231 464
463 927
463 928
927 1855
927 1856
928 1857
928 1858
464 929
464 930
929 1859
929 1860
930 1861
930 1862
232 465
232 466
465 931
465 932
931 1863
931 1864
932 1865
932 1866
466 933
466 934
933 1867
933 1868
934 1869
934 1870
116 233
116 234
233 467
233 468
467 935
467 936
935 1871
935 1872
936 1873
936 1874
468 937
468 938
937 1875
937 1876
938 1877
938 1878
234 469
234 470
469 939
469 940
939 1879
939 1880
940 1881
940 1882
470 941
470 942
941 1883
941 1884
942 1885
942 1886
58 117
58 118
117 235
117 236
235 471
235 472
471 943
471 944
943 1887
943 1888
944 1889
944 1890
472 945
472 946
945 1891
945 1892
946 1893
946 1894
236 473
236 474
473 947
473 948
947 1895
947 1896
948 1897
948 1898
474 949
474 950
949 1899
949 1900
950 1901
950 1902
118 237
118 238
237 475
237 476
475 951
475 952
951 1903
951 1904
952 1905
952 1906
476 953
476 954
953 1907
953 1908
954 1909
954 1910
238 477
238 478
477 955
477 956
955 1911
955 1912
956 1913
956 1914
478 957
478 958
957 1915
957 1916
958 1917
958 1918
14 29
14 30
29 59
29 60
59 119
59 120
119 239
119 240
239 479
239 480
479 959
479 960
959 1919
959 1920
960 1921
960 1922
480 961
480 962
961 1923
961 1924
962 1925
962 1926
240 481
240 482
481 963
481 964
963 1927
963 1928
964 1929
964 1930
482 965
482 966
965 1931
965 1932
966 1933
966 1934
120 241
120 242
241 483
241 484
483 967
483 968
967 1935
967 1936
968 1937
968 1938
484 969
484 970
969 1939
969 1940
970 1941
970 1942
242 485
242 486
485 971
485 972
971 1943
971 1944
972 1945
972 1946
486 973
486 974
973 1947
973 1948
974 1949
974 1950
60 121
60 122
121 243
121 244
243 487
243 488
487 975
487 976
975 1951
975 1952
976 1953
976 1954
488 977
488 978
977 1955
977 1956
978 1957
978 1958
244 489
244 490
489 979
489 980
979 1959
979 1960
980 1961
980 1962
490 981
490 982
981 1963
981 1964
982 1965
982 1966
122 245
122 246
245 491
245 492
491 983
491 984
983 1967
983 1968
984 1969
984 1970
492 985
492 986
985 1971
985 1972
986 1973
986 1974
246 493
246 494
493 987
493 988
987 1975
987 1976
988 1977
988 1978
494 989
494 990
989 1979
989 1980
990 1981
990 1982
30 61
30 62
61 123
61 124
123 247
123 248
247 495
247 496
495 991
495 992
991 1983
991 1984
992 1985
992 1986
496 993
496 994
993 1987
993 1988
994 1989
994 1990
248 497
248 498
497 995
497 996
995 1991
995 1992
996 1993
996 1994
498 997
498 998
997 1995
997 1996
998 1997
998 1998
124 249
124 250
249 499
249 500
499 999
499 1000
999 1999
999 2000
1000 2001
1000 2002
500 1001
500 1002
1001 2003
1001 2004
1002 2005
1002 2006
250 501
250 502
501 1003
501 1004
1003 2007
1003 2008
1004 2009
1004 2010
502 1005
502 1006
1005 2011
1005 2012
1006 2013
1006 2014
62 125
62 126
125 251
125 252
251 503
251 504
503 1007
503 1008
1007 2015
1007 2016
1008 2017
1008 2018
504 1009
504 1010
1009 2019
1009 2020
1010 2021
1010 2022
252 505
252 506
505 1011
505 1012
1011 2023
1011 2024
1012 2025
1012 2026
506 1013
506 1014
1013 2027
1013 2028
1014 2029
1014 2030
126 253
126 254
253 507
253 508
507 1015
507 1016
1015 2031
1015 2032
1016 2033
1016 2034
508 1017
508 1018
1017 2035
1017 2036
1018 2037
1018 2038
254 509
254 510
509 1019
509 1020
1019 2039
1019 2040
1020 2041
1020 2042
510 1021
510 1022
1021 2043
1021 2044
1022 2045
1022 2046
