1
0 4093
4094
0 1
0 2
1 3
1 4
3 7
3 8
7 15
7 16
15 31
15 32
31 63
31 64
63 127
63 128
127 255
127 256
255 511
255 512
511 1023
511 1024
1023 2047
1023 2048
1024 2049
1024 2050
512 1025
512 1026
1025 2051
1025 2052
1026 2053
1026 2054
256 513
256 514
513 1027
513 1028
1027 2055
1027 2056
1028 2057
1028 2058
514 1029
514 1030
1029 2059
1029 2060
1030 2061
1030 2062
128 257
128 258
257 515
257 516
515 1031
515 1032
1031 2063
1031 2064
1032 2065
1032 2066
516 1033
516 1034
1033 2067
1033 2068
1034 2069
1034 2070
258 517
258 518
517 1035
517 1036
1035 2071
1035 2072
1036 2073
1036 2074
518 1037
518 1038
1037 2075
1037 2076
1038 2077
1038 2078
64 129
64 130
129 259
129 260
259 519
259 520
519 1039
519 1040
1039 2079
1039 2080
1040 2081
1040 2082
520 1041
520 1042
1041 2083
1041 2084
1042 2085
1042 2086
260 521
260 522
521 1043
521 1044
1043 2087
1043 2088
1044 2089
1044 2090
522 1045
522 1046
1045 2091
1045 2092
1046 2093
1046 2094
130 261
130 262
261 523
261 524
523 1047
523 1048
1047 2095
1047 2096
1048 2097
1048 2098
524 1049
524 1050
1049 2099
1049 2100
1050 2101
1050 2102
262 525
262 526
525 1051
525 1052
1051 2103
1051 2104
1052 2105
1052 2106
526 1053
526 1054
1053 2107
1053 2108
1054 2109
1054 2110
32 65
32 66
65 131
65 132
131 263
131 264
263 527
263 528
527 1055
527 1056
1055 2111
1055 2112
1056 2113
1056 2114
528 1057
528 1058
1057 2115
1057 2116
1058 2117
1058 2118
264 529
264 530
529 1059
529 1060
1059 2119
1059 2120
1060 2121
1060 2122
530 1061
530 1062
1061 2123
1061 2124
1062 2125
1062 2126
132 265
132 266
265 531
265 532
531 1063
531 1064
1063 2127
1063 2128
1064 2129
1064 2130
532 1065
532 1066
1065 2131
1065 2132
1066 2133
1066 2134
266 533
266 534
533 1067
533 1068
1067 2135
1067 2136
1068 2137
1068 2138
534 1069
534 1070
1069 2139
1069 2140
1070 2141
1070 2142
66 133
66 134
133 267
133 268
267 535
267 536
535 1071
535 1072
1071 2143
1071 2144
1072 2145
1072 2146
536 1073
536 1074
1073 2147
1073 2148
1074 2149
1074 2150
268 537
268 538
537 1075
537 1076
1075 2151
1075 2152
1076 2153
1076 2154
538 1077
538 1078
1077 2155
1077 2156
1078 2157
1078 2158
134 269
134 270
269 539
269 540
539 1079
539 1080
1079 2159
1079 2160
1080 2161
1080 2162
540 1081
540 1082
1081 2163
1081 2164
1082 2165
1082 2166
270 541
270 542
541 1083
541 1084
1083 2167
1083 2168
1084 2169
1084 2170
542 1085
542 1086
1085 2171
1085 2172
1086 2173
1086 2174
16 33
16 34
33 67
33 68
67 135
67 136
135 271
135 272
271 543
271 544
543 1087
543 1088
1087 2175
1087 2176
1088 2177
1088 2178
544 1089
544 1090
1089 2179
1089 2180
1090 2181
1090 2182
272 545
272 546
545 1091
545 1092
1091 2183
1091 2184
1092 2185
1092 2186
546 1093
546 1094
1093 2187
1093 2188
1094 2189
1094 2190
136 273
136 274
273 547
273 548
547 1095
547 1096
1095 2191
1095 2192
1096 2193
1096 2194
548 1097
548 1098
1097 2195
1097 2196
1098 2197
1098 2198
274 549
274 550
549 1099
549 1100
1099 2199
1099 2200
1100 2201
1100 2202
550 1101
550 1102
1101 2203
1101 2204
1102 2205
1102 2206
68 137
68 138
137 275
137 276
275 551
275 552
551 1103
551 1104
1103 2207
1103 2208
1104 2209
1104 2210
552 1105
552 1106
1105 2211
1105 2212
1106 2213
1106 2214
276 553
276 554
553 1107
553 1108
1107 2215
1107 2216
1108 2217
1108 2218
554 1109
554 1110
1109 2219
1109 2220
1110 2221
1110 2222
138 277
138 278
277 555
277 556
555 1111
555 1112
1111 2223
1111 2224
1112 2225
1112 2226
556 1113
556 1114
1113 2227
1113 2228
1114 2229
1114 2230
278 557
278 558
557 1115
557 1116
1115 2231
1115 2232
1116 2233
1116 2234
558 1117
558 1118
1117 2235
1117 2236
1118 2237
1118 2238
34 69
34 70
69 139
69 140
139 279
139 280
279 559
279 560
559 1119
559 1120
1119 2239
1119 2240
1120 2241
1120 2242
560 1121
560 1122
1121 2243
1121 2244
1122 2245
1122 2246
280 561
280 562
561 1123
561 1124
1123 2247
1123 2248
1124 2249
1124 2250
562 1125
562 1126
1125 2251
1125 2252
1126 2253
1126 2254
140 281
140 282
281 563
281 564
563 1127
563 1128
1127 2255
1127 2256
1128 2257
1128 2258
564 1129
564 1130
1129 2259
1129 2260
1130 2261
1130 2262
282 565
282 566
565 1131
565 1132
1131 2263
1131 2264
1132 2265
1132 2266
566 1133
566 1134
1133 2267
1133 2268
1134 2269
1134 2270
70 141
70 142
141 283
141 284
283 567
283 568
567 1135
567 1136
1135 2271
1135 2272
1136 2273
1136 2274
568 1137
568 1138
1137 2275
1137 2276
1138 2277
1138 2278
284 569
284 570
569 1139
569 1140
1139 2279
1139 2280
1140 2281
1140 2282
570 1141
570 1142
1141 2283
1141 2284
1142 2285
1142 2286
142 285
142 286
285 571
285 572
571 1143
571 1144
1143 2287
1143 2288
1144 2289
1144 2290
572 1145
572 1146
1145 2291
1145 2292
1146 2293
1146 2294
286 573
286 574
573 1147
573 1148
1147 2295
1147 2296
1148 2297
1148 2298
574 1149
574 1150
1149 2299
1149 2300
1150 2301
1150 2302
8 17
8 18
17 35
17 36
35 71
35 72
71 143
71 144
143 287
143 288
287 575
287 576
575 1151
575 1152
1151 2303
1151 2304
1152 2305
1152 2306
576 1153
576 1154
1153 2307
1153 2308
1154 2309
1154 2310
288 577
288 578
577 1155
577 1156
1155 2311
1155 2312
1156 2313
1156 2314
578 1157
578 1158
1157 2315
1157 2316
1158 2317
1158 2318
144 289
144 290
289 579
289 580
579 1159
579 1160
1159 2319
1159 2320
1160 2321
1160 2322
580 1161
580 1162
1161 2323
1161 2324
1162 2325
1162 2326
290 581
290 582
581 1163
581 1164
1163 2327
1163 2328
1164 2329
1164 2330
582 1165
582 1166
1165 2331
1165 2332
1166 2333
1166 2334
72 145
72 146
145 291
145 292
291 583
291 584
583 1167
583 1168
1167 2335
1167 2336
1168 2337
1168 2338
584 1169
584 1170
1169 2339
1169 2340
1170 2341
1170 2342
292 585
292 586
585 1171
585 1172
1171 2343
1171 2344
1172 2345
1172 2346
586 1173
586 1174
1173 2347
1173 2348
1174 2349
1174 2350
146 293
146 294
293 587
293 588
587 1175
587 1176
1175 2351
1175 2352
1176 2353
1176 2354
588 1177
588 1178
1177 2355
1177 2356
1178 2357
1178 2358
294 589
294 590
589 1179
589 1180
1179 2359
1179 2360
1180 2361
1180 2362
590 1181
590 1182
1181 2363
1181 2364
1182 2365
1182 2366
36 73
36 74
73 147
73 148
147 295
147 296
295 591
295 592
591 1183
591 1184
1183 2367
1183 2368
1184 2369
1184 2370
592 1185
592 1186
1185 2371
1185 2372
1186 2373
1186 2374
296 593
296 594
593 1187
593 1188
1187 2375
1187 2376
1188 2377
1188 2378
594 1189
594 1190
1189 2379
1189 2380
1190 2381
1190 2382
148 297
148 298
297 595
297 596
595 1191
595 1192
1191 2383
1191 2384
1192 2385
1192 2386
596 1193
596 1194
1193 2387
1193 2388
1194 2389
1194 2390
298 597
298 598
597 1195
597 1196
1195 2391
1195 2392
1196 2393
1196 2394
598 1197
598 1198
1197 2395
1197 2396
1198 2397
1198 2398
74 149
74 150
149 299
149 300
299 599
299 600
599 1199
599 1200
1199 2399
1199 2400
1200 2401
1200 2402
600 1201
600 1202
1201 2403
1201 2404
1202 2405
1202 2406
300 601
300 602
601 1203
601 1204
1203 2407
1203 2408
1204 2409
1204 2410
602 1205
602 1206
1205 2411
1205 2412
1206 2413
1206 2414
150 301
150 302
301 603
301 604
603 1207
603 1208
1207 2415
1207 2416
1208 2417
1208 2418
604 1209
604 1210
1209 2419
1209 2420
1210 2421
1210 2422
302 605
302 606
605 1211
605 1212
1211 2423
1211 2424
1212 2425
1212 2426
606 1213
606 1214
1213 2427
1213 2428
1214 2429
1214 2430
18 37
18 38
37 75
37 76
75 151
75 152
151 303
151 304
303 607
303 608
607 1215
607 1216
1215 2431
1215 2432
1216 2433
1216 2434
608 1217
608 1218
1217 2435
1217 2436
1218 2437
1218 2438
304 609
304 610
609 1219
609 1220
1219 2439
1219 2440
1220 2441
1220 2442
610 1221
610 1222
1221 2443
1221 2444
1222 2445
1222 2446
152 305
152 306
305 611
305 612
611 1223
611 1224
1223 2447
1223 2448
1224 2449
1224 2450
612 1225
612 1226
1225 2451
1225 2452
1226 2453
1226 2454
306 613
306 614
613 1227
613 1228
1227 2455
1227 2456
1228 2457
1228 2458
614 1229
614 1230
1229 2459
1229 2460
1230 2461
1230 2462
76 153
76 154
153 307
153 308
307 615
307 616
615 1231
615 1232
1231 2463
1231 2464
1232 2465
1232 2466
616 1233
616 1234
1233 2467
1233 2468
1234 2469
1234 2470
308 617
308 618
617 1235
617 1236
1235 2471
1235 2472
1236 2473
1236 2474
618 1237
618 1238
1237 2475
1237 2476
1238 2477
1238 2478
154 309
154 310
309 619
309 620
619 1239
619 1240
1239 2479
1239 2480
1240 2481
1240 2482
620 1241
620 1242
1241 2483
1241 2484
1242 2485
1242 2486
310 621
310 622
621 1243
621 1244
1243 2487
1243 2488
1244 2489
1244 2490
622 1245
622 1246
1245 2491
1245 2492
1246 2493
1246 2494
38 77
38 78
77 155
77 156
155 311
155 312
311 623
311 624
623 1247
623 1248
1247 2495
1247 2496
1248 2497
1248 2498
624 1249
624 1250
1249 2499
1249 2500
1250 2501
1250 2502
312 625
312 626
625 1251
625 1252
1251 2503
1251 2504
1252 2505
1252 2506
626 1253
626 1254
1253 2507
1253 2508
1254 2509
1254 2510
156 313
156 314
313 627
313 628
627 1255
627 1256
1255 2511
1255 2512
1256 2513
1256 2514
628 1257
628 1258
1257 2515
1257 2516
1258 2517
1258 2518
314 629
314 630
629 1259
629 1260
1259 2519
1259 2520
1260 2521
1260 2522
630 1261
630 1262
1261 2523
1261 2524
1262 2525
1262 2526
78 157
78 158
157 315
157 316
315 631
315 632
631 1263
631 1264
1263 2527
1263 2528
1264 2529
1264 2530
632 1265
632 1266
1265 2531
1265 2532
1266 2533
1266 2534
316 633
316 634
633 1267
633 1268
1267 2535
1267 2536
1268 2537
1268 2538
634 1269
634 1270
1269 2539
1269 2540
1270 2541
1270 2542
158 317
158 318
317 635
317 636
635 1271
635 1272
1271 2543
1271 2544
1272 2545
1272 2546
636 1273
636 1274
1273 2547
1273 2548
1274 2549
1274 2550
318 637
318 638
637 1275
637 1276
1275 2551
1275 2552
1276 2553
1276 2554
638 1277
638 1278
1277 2555
1277 2556
1278 2557
1278 2558
4 9
4 10
9 19
9 20
19 39
19 40
39 79
39 80
79 159
79 160
159 319
159 320
319 639
319 640
639 1279
639 1280
1279 2559
1279 2560
1280 2561
1280 2562
640 1281
640 1282
1281 2563
1281 2564
1282 2565
1282 2566
320 641
320 642
641 1283
641 1284
1283 2567
1283 2568
1284 2569
1284 2570
642 1285
642 1286
1285 2571
1285 2572
1286 2573
1286 2574
160 321
160 322
321 643
321 644
643 1287
643 1288
1287 2575
1287 2576
1288 2577
1288 2578
644 1289
644 1290
1289 2579
1289 2580
1290 2581
1290 2582
322 645
322 646
645 1291
645 1292
1291 2583
1291 2584
1292 2585
1292 2586
646 1293
646 1294
1293 2587
1293 2588
1294 2589
1294 2590
80 161
80 162
161 323
161 324
323 647
323 648
647 1295
647 1296
1295 2591
1295 2592
1296 2593
1296 2594
648 1297
648 1298
1297 2595
1297 2596
1298 2597
1298 2598
324 649
324 650
649 1299
649 1300
1299 2599
1299 2600
1300 2601
1300 2602
650 1301
650 1302
1301 2603
1301 2604
1302 2605
1302 2606
162 325
162 326
325 651
325 652
651 1303
651 1304
1303 2607
1303 2608
1304 2609
1304 2610
652 1305
652 1306
1305 2611
1305 2612
1306 2613
1306 2614
326 653
326 654
653 1307
653 1308
1307 2615
1307 2616
1308 2617
1308 2618
654 1309
654 1310
1309 2619
1309 2620
1310 2621
1310 2622
40 81
40 82
81 163
81 164
163 327
163 328
327 655
327 656
655 1311
655 1312
1311 2623
1311 2624
1312 2625
1312 2626
656 1313
656 1314
1313 2627
1313 2628
1314 2629
1314 2630
328 657
328 658
657 1315
657 1316
1315 2631
1315 2632
1316 2633
1316 2634
658 1317
658 1318
1317 2635
1317 2636
1318 2637
1318 2638
164 329
164 330
329 659
329 660
659 1319
659 1320
1319 2639
1319 2640
1320 2641
1320 2642
660 1321
660 1322
1321 2643
1321 2644
1322 2645
1322 2646
330 661
330 662
661 1323
661 1324
1323 2647
1323 2648
1324 2649
1324 2650
662 1325
662 1326
1325 2651
1325 2652
1326 2653
1326 2654
82 165
82 166
165 331
165 332
331 663
331 664
663 1327
663 1328
1327 2655
1327 2656
1328 2657
1328 2658
664 1329
664 1330
1329 2659
1329 2660
1330 2661
1330 2662
332 665
332 666
665 1331
665 1332
1331 2663
1331 2664
1332 2665
1332 2666
666 1333
666 1334
1333 2667
1333 2668
1334 2669
1334 2670
166 333
166 334
333 667
333 668
667 1335
667 1336
1335 2671
1335 2672
1336 2673
1336 2674
668 1337
668 1338
1337 2675
1337 2676
1338 2677
1338 2678
334 669
334 670
669 1339
669 1340
1339 2679
1339 2680
1340 2681
1340 2682
670 1341
670 1342
1341 2683
1341 2684
1342 2685
1342 2686
20 41
20 42
41 83
41 84
83 167
83 168
167 335
167 336
335 671
335 672
671 1343
671 1344
1343 2687
1343 2688
1344 2689
1344 2690
672 1345
672 1346
1345 2691
1345 2692
1346 2693
1346 2694
336 673
336 674
673 1347
673 1348
1347 2695
1347 2696
1348 2697
1348 2698
674 1349
674 1350
1349 2699
1349 2700
1350 2701
1350 2702
168 337
168 338
337 675
337 676
675 1351
675 1352
1351 2703
1351 2704
1352 2705
1352 2706
676 1353
676 1354
1353 2707
1353 2708
1354 2709
1354 2710
338 677
338 678
677 1355
677 1356
1355 2711
1355 2712
1356 2713
1356 2714
678 1357
678 1358
1357 2715
1357 2716
1358 2717
1358 2718
84 169
84 170
169 339
169 340
339 679
339 680
679 1359
679 1360
1359 2719
1359 2720
1360 2721
1360 2722
680 1361
680 1362
1361 2723
1361 2724
1362 2725
1362 2726
340 681
340 682
681 1363
681 1364
1363 2727
1363 2728
1364 2729
1364 2730
682 1365
682 1366
1365 2731
1365 2732
1366 2733
1366 2734
170 341
170 342
341 683
341 684
683 1367
683 1368
1367 2735
1367 2736
1368 2737
1368 2738
684 1369
684 1370
1369 2739
1369 2740
1370 2741
1370 2742
342 685
342 686
685 1371
685 1372
1371 2743
1371 2744
1372 2745
1372 2746
686 1373
686 1374
1373 2747
1373 2748
1374 2749
1374 2750
42 85
42 86
85 171
85 172
171 343
171 344
343 687
343 688
687 1375
687 1376
1375 2751
1375 2752
1376 2753
1376 2754
688 1377
688 1378
1377 2755
1377 2756
1378 2757
1378 2758
344 689
344 690
689 1379
689 1380
1379 2759
1379 2760
1380 2761
1380 2762
690 1381
690 1382
1381 2763
1381 2764
1382 2765
1382 2766
172 345
172 346
345 691
345 692
691 1383
691 1384
1383 2767
1383 2768
1384 2769
1384 2770
692 1385
692 1386
1385 2771
1385 2772
1386 2773
1386 2774
346 693
346 694
693 1387
693 1388
1387 2775
1387 2776
1388 2777
1388 2778
694 1389
694 1390
1389 2779
1389 2780
1390 2781
1390 2782
86 173
86 174
173 347
173 348
347 695
347 696
695 1391
695 1392
1391 2783
1391 2784
1392 2785
1392 2786
696 1393
696 1394
1393 2787
1393 2788
1394 2789
1394 2790
348 697
348 698
697 1395
697 1396
1395 2791
1395 2792
1396 2793
1396 2794
698 1397
698 1398
1397 2795
1397 2796
1398 2797
1398 2798
174 349
174 350
349 699
349 700
699 1399
699 1400
1399 2799
1399 2800
1400 2801
1400 2802
700 1401
700 1402
1401 2803
1401 2804
1402 2805
1402 2806
350 701
350 702
701 1403
701 1404
1403 2807
1403 2808
1404 2809
1404 2810
702 1405
702 1406
1405 2811
1405 2812
1406 2813
1406 2814
10 21
10 22
21 43
21 44
43 87
43 88
87 175
87 176
175 351
175 352
351 703
351 704
703 1407
703 1408
1407 2815
1407 2816
1408 2817
1408 2818
704 1409
704 1410
1409 2819
1409 2820
1410 2821
1410 2822
352 705
352 706
705 1411
705 1412
1411 2823
1411 2824
1412 2825
1412 2826
706 1413
706 1414
1413 2827
1413 2828
1414 2829
1414 2830
176 353
176 354
353 707
353 708
707 1415
707 1416
1415 2831
1415 2832
1416 2833
1416 2834
708 1417
708 1418
1417 2835
1417 2836
1418 2837
1418 2838
354 709
354 710
709 1419
709 1420
1419 2839
1419 2840
1420 2841
1420 2842
710 1421
710 1422
1421 2843
1421 2844
1422 2845
1422 2846
88 177
88 178
177 355
177 356
355 711
355 712
711 1423
711 1424
1423 2847
1423 2848
1424 2849
1424 2850
712 1425
712 1426
1425 2851
1425 2852
1426 2853
1426 2854
356 713
356 714
713 1427
713 1428
1427 2855
1427 2856
1428 2857
1428 2858
714 1429
714 1430
1429 2859
1429 2860
1430 2861
1430 2862
178 357
178 358
357 715
357 716
715 1431
715 1432
1431 2863
1431 2864
1432 2865
1432 2866
716 1433
716 1434
1433 2867
1433 2868
1434 2869
1434 2870
358 717
358 718
717 1435
717 1436
1435 2871
1435 2872
1436 2873
1436 2874
718 1437
718 1438
1437 2875
1437 2876
1438 2877
1438 2878
44 89
44 90
89 179
89 180
179 359
179 360
359 719
359 720
719 1439
719 1440
1439 2879
1439 2880
1440 2881
1440 2882
720 1441
720 1442
1441 2883
1441 2884
1442 2885
1442 2886
360 721
360 722
721 1443
721 1444
1443 2887
1443 2888
1444 2889
1444 2890
722 1445
722 1446
1445 2891
1445 2892
1446 2893
1446 2894
180 361
180 362
361 723
361 724
723 1447
723 1448
1447 2895
1447 2896
1448 2897
1448 2898
724 1449
724 1450
1449 2899
1449 2900
1450 2901
1450 2902
362 725
362 726
725 1451
725 1452
1451 2903
1451 2904
1452 2905
1452 2906
726 1453
726 1454
1453 2907
1453 2908
1454 2909
1454 2910
90 181
90 182
181 363
181 364
363 727
363 728
727 1455
727 1456
1455 2911
1455 2912
1456 2913
1456 2914
728 1457
728 1458
1457 2915
1457 2916
1458 2917
1458 2918
364 729
364 730
729 1459
729 1460
1459 2919
1459 2920
1460 2921
1460 2922
730 1461
730 1462
1461 2923
1461 2924
1462 2925
1462 2926
182 365
182 366
365 731
365 732
731 1463
731 1464
1463 2927
1463 2928
1464 2929
1464 2930
732 1465
732 1466
1465 2931
1465 2932
1466 2933
1466 2934
366 733
366 734
733 1467
733 1468
1467 2935
1467 2936
1468 2937
1468 2938
734 1469
734 1470
1469 2939
1469 2940
1470 2941
1470 2942
22 45
22 46
45 91
45 92
91 183
91 184
183 367
183 368
367 735
367 736
735 1471
735 1472
1471 2943
1471 2944
1472 2945
1472 2946
736 1473
736 1474
1473 2947
1473 2948
1474 2949
1474 2950
368 737
368 738
737 1475
737 1476
1475 2951
1475 2952
1476 2953
1476 2954
738 1477
738 1478
1477 2955
1477 2956
1478 2957
1478 2958
184 369
184 370
369 739
369 740
739 1479
739 1480
1479 2959
1479 2960
1480 2961
1480 2962
740 1481
740 1482
1481 2963
1481 2964
1482 2965
1482 2966
370 741
370 742
741 1483
741 1484
1483 2967
1483 2968
1484 2969
1484 2970
742 1485
742 1486
1485 2971
1485 2972
1486 2973
1486 2974
92 185
92 186
185 371
185 372
371 743
371 744
743 1487
743 1488
1487 2975
1487 2976
1488 2977
1488 2978
744 1489
744 1490
1489 2979
1489 2980
1490 2981
1490 2982
372 745
372 746
745 1491
745 1492
1491 2983
1491 2984
1492 2985
1492 2986
746 1493
746 1494
1493 2987
1493 2988
1494 2989
1494 2990
186 373
186 374
373 747
373 748
747 1495
747 1496
1495 2991
1495 2992
1496 2993
1496 2994
748 1497
748 1498
1497 2995
1497 2996
1498 2997
1498 2998
374 749
374 750
749 1499
749 1500
1499 2999
1499 3000
1500 3001
1500 3002
750 1501
750 1502
1501 3003
1501 3004
1502 3005
1502 3006
46 93
46 94
93 187
93 188
187 375
187 376
375 751
375 752
751 1503
751 1504
1503 3007
1503 3008
1504 3009
1504 3010
752 1505
752 1506
1505 3011
1505 3012
1506 3013
1506 3014
376 753
376 754
753 1507
753 1508
1507 3015
1507 3016
1508 3017
1508 3018
754 1509
754 1510
1509 3019
1509 3020
1510 3021
1510 3022
188 377
188 378
377 755
377 756
755 1511
755 1512
1511 3023
1511 3024
1512 3025
1512 3026
756 1513
756 1514
1513 3027
1513 3028
1514 3029
1514 3030
378 757
378 758
757 1515
757 1516
1515 3031
1515 3032
1516 3033
1516 3034
758 1517
758 1518
1517 3035
1517 3036
1518 3037
1518 3038
94 189
94 190
189 379
189 380
379 759
379 760
759 1519
759 1520
1519 3039
1519 3040
1520 3041
1520 3042
760 1521
760 1522
1521 3043
1521 3044
1522 3045
1522 3046
380 761
380 762
761 1523
761 1524
1523 3047
1523 3048
1524 3049
1524 3050
762 1525
762 1526
1525 3051
1525 3052
1526 3053
1526 3054
190 381
190 382
381 763
381 764
763 1527
763 1528
1527 3055
1527 3056
1528 3057
1528 3058
764 1529
764 1530
1529 3059
1529 3060
1530 3061
1530 3062
382 765
382 766
765 1531
765 1532
1531 3063
1531 3064
1532 3065
1532 3066
766 1533
766 1534
1533 3067
1533 3068
1534 3069
1534 3070
2 5
2 6
5 11
5 12
11 23
11 24
23 47
23 48
47 95
47 96
95 191
95 192
191 383
191 384
383 767
383 768
767 1535
767 1536
1535 3071
1535 3072
1536 3073
1536 3074
768 1537
768 1538
1537 3075
1537 3076
1538 3077
1538 3078
384 769
384 770
769 1539
769 1540
1539 3079
1539 3080
1540 3081
1540 3082
770 1541
770 1542
1541 3083
1541 3084
1542 3085
1542 3086
192 385
192 386
385 771
385 772
771 1543
771 1544
1543 3087
1543 3088
1544 3089
1544 3090
772 1545
772 1546
1545 3091
1545 3092
1546 3093
1546 3094
386 773
386 774
773 1547
773 1548
1547 3095
1547 3096
1548 3097
1548 3098
774 1549
774 1550
1549 3099
1549 3100
1550 3101
1550 3102
96 193
96 194
193 387
193 388
387 775
387 776
775 1551
775 1552
1551 3103
1551 3104
1552 3105
1552 3106
776 1553
776 1554
1553 3107
1553 3108
1554 3109
1554 3110
388 777
388 778
777 1555
777 1556
1555 3111
1555 3112
1556 3113
1556 3114
778 1557
778 1558
1557 3115
1557 3116
1558 3117
1558 3118
194 389
194 390
389 779
389 780
779 1559
779 1560
1559 3119
1559 3120
1560 3121
1560 3122
780 1561
780 1562
1561 3123
1561 3124
1562 3125
1562 3126
390 781
390 782
781 1563
781 1564
1563 3127
1563 3128
1564 3129
1564 3130
782 1565
782 1566
1565 3131
1565 3132
1566 3133
1566 3134
48 97
48 98
97 195
97 196
195 391
195 392
391 783
391 784
783 1567
783 1568
1567 3135
1567 3136
1568 3137
1568 3138
784 1569
784 1570
1569 3139
1569 3140
1570 3141
1570 3142
392 785
392 786
785 1571
785 1572
1571 3143
1571 3144
1572 3145
1572 3146
786 1573
786 1574
1573 3147
1573 3148
1574 3149
1574 3150
196 393
196 394
393 787
393 788
787 1575
787 1576
1575 3151
1575 3152
1576 3153
1576 3154
788 1577
788 1578
1577 3155
1577 3156
1578 3157
1578 3158
394 789
394 790
789 1579
789 1580
1579 3159
1579 3160
1580 3161
1580 3162
790 1581
790 1582
1581 3163
1581 3164
1582 3165
1582 3166
98 197
98 198
197 395
197 396
395 791
395 792
791 1583
791 1584
1583 3167
1583 3168
1584 3169
1584 3170
792 1585
792 1586
1585 3171
1585 3172
1586 3173
1586 3174
396 793
396 794
793 1587
793 1588
1587 3175
1587 3176
1588 3177
1588 3178
794 1589
794 1590
1589 3179
1589 3180
1590 3181
1590 3182
198 397
198 398
397 795
397 796
795 1591
795 1592
1591 3183
1591 3184
1592 3185
1592 3186
796 1593
796 1594
1593 3187
1593 3188
1594 3189
1594 3190
398 797
398 798
797 1595
797 1596
1595 3191
1595 3192
1596 3193
1596 3194
798 1597
798 1598
1597 3195
1597 3196
1598 3197
1598 3198
24 49
24 50
49 99
49 100
99 199
99 200
199 399
199 400
399 799
399 800
799 1599
799 1600
1599 3199
1599 3200
1600 3201
1600 3202
800 1601
800 1602
1601 3203
1601 3204
1602 3205
1602 3206
400 801
400 802
801 1603
801 1604
1603 3207
1603 3208
1604 3209
1604 3210
802 1605
802 1606
1605 3211
1605 3212
1606 3213
1606 3214
200 401
200 402
401 803
401 804
803 1607
803 1608
1607 3215
1607 3216
1608 3217
1608 3218
804 1609
804 1610
1609 3219
1609 3220
1610 3221
1610 3222
402 805
402 806
805 1611
805 1612
1611 3223
1611 3224
1612 3225
1612 3226
806 1613
806 1614
1613 3227
1613 3228
1614 3229
1614 3230
100 201
100 202
201 403
201 404
403 807
403 808
807 1615
807 1616
1615 3231
1615 3232
1616 3233
1616 3234
808 1617
808 1618
1617 3235
1617 3236
1618 3237
1618 3238
404 809
404 810
809 1619
809 1620
1619 3239
1619 3240
1620 3241
1620 3242
810 1621
810 1622
1621 3243
1621 3244
1622 3245
1622 3246
202 405
202 406
405 811
405 812
811 1623
811 1624
1623 3247
1623 3248
1624 3249
1624 3250
812 1625
812 1626
1625 3251
1625 3252
1626 3253
1626 3254
406 813
406 814
813 1627
813 1628
1627 3255
1627 3256
1628 3257
1628 3258
814 1629
814 1630
1629 3259
1629 3260
1630 3261
1630 3262
50 101
50 102
101 203
101 204
203 407
203 408
407 815
407 816
815 1631
815 1632
1631 3263
1631 3264
1632 3265
1632 3266
816 1633
816 1634
1633 3267
1633 3268
1634 3269
1634 3270
408 817
408 818
817 1635
817 1636
1635 3271
1635 3272
1636 3273
1636 3274
818 1637
818 1638
1637 3275
1637 3276
1638 3277
1638 3278
204 409
204 410
409 819
409 820
819 1639
819 1640
1639 3279
1639 3280
1640 3281
1640 3282
820 1641
820 1642
1641 3283
1641 3284
1642 3285
1642 3286
410 821
410 822
821 1643
821 1644
1643 3287
1643 3288
1644 3289
1644 3290
822 1645
822 1646
1645 3291
1645 3292
1646 3293
1646 3294
102 205
102 206
205 411
205 412
411 823
411 824
823 1647
823 1648
1647 3295
1647 3296
1648 3297
1648 3298
824 1649
824 1650
1649 3299
1649 3300
1650 3301
1650 3302
412 825
412 826
825 1651
825 1652
1651 3303
1651 3304
1652 3305
1652 3306
826 1653
826 1654
1653 3307
1653 3308
1654 3309
1654 3310
206 413
206 414
413 827
413 828
827 1655
827 1656
1655 3311
1655 3312
1656 3313
1656 3314
828 1657
828 1658
1657 3315
1657 3316
1658 3317
1658 3318
414 829
414 830
829 1659
829 1660
1659 3319
1659 3320
1660 3321
1660 3322
830 1661
830 1662
1661 3323
1661 3324
1662 3325
1662 3326
12 25
12 26
25 51
25 52
51 103
51 104
103 207
103 208
207 415
207 416
415 831
415 832
831 1663
831 1664
1663 3327
1663 3328
1664 3329
1664 3330
832 1665
832 1666
1665 3331
1665 3332
1666 3333
1666 3334
416 833
416 834
833 1667
833 1668
1667 3335
1667 3336
1668 3337
1668 3338
834 1669
834 1670
1669 3339
1669 3340
1670 3341
1670 3342
208 417
208 418
417 835
417 836
835 1671
835 1672
1671 3343
1671 3344
1672 3345
1672 3346
836 1673
836 1674
1673 3347
1673 3348
1674 3349
1674 3350
418 837
418 838
837 1675
837 1676
1675 3351
1675 3352
1676 3353
1676 3354
838 1677
838 1678
1677 3355
1677 3356
1678 3357
1678 3358
104 209
104 210
209 419
209 420
419 839
419 840
839 1679
839 1680
1679 3359
1679 3360
1680 3361
1680 3362
840 1681
840 1682
1681 3363
1681 3364
1682 3365
1682 3366
420 841
420 842
841 1683
841 1684
1683 3367
1683 3368
1684 3369
1684 3370
842 1685
842 1686
1685 3371
1685 3372
1686 3373
1686 3374
210 421
210 422
421 843
421 844
843 1687
843 1688
1687 3375
1687 3376
1688 3377
1688 3378
844 1689
844 1690
1689 3379
1689 3380
1690 3381
1690 3382
422 845
422 846
845 1691
845 1692
1691 3383
1691 3384
1692 3385
1692 3386
846 1693
846 1694
1693 3387
1693 3388
1694 3389
1694 3390
52 105
52 106
105 211
105 212
211 423
211 424
423 847
423 848
847 1695
847 1696
1695 3391
1695 3392
1696 3393
1696 3394
848 1697
848 1698
1697 3395
1697 3396
1698 3397
1698 3398
424 849
424 850
849 1699
849 1700
1699 3399
1699 3400
1700 3401
1700 3402
850 1701
850 1702
1701 3403
1701 3404
1702 3405
1702 3406
212 425
212 426
425 851
425 852
851 1703
851 1704
1703 3407
1703 3408
1704 3409
1704 3410
852 1705
852 1706
1705 3411
1705 3412
1706 3413
1706 3414
426 853
426 854
853 1707
853 1708
1707 3415
1707 3416
1708 3417
1708 3418
854 1709
854 1710
1709 3419
1709 3420
1710 3421
1710 3422
106 213
106 214
213 427
213 428
427 855
427 856
855 1711
855 1712
1711 3423
1711 3424
1712 3425
1712 3426
856 1713
856 1714
1713 3427
1713 3428
1714 3429
1714 3430
428 857
428 858
857 1715
857 1716
1715 3431
1715 3432
1716 3433
1716 3434
858 1717
858 1718
1717 3435
1717 3436
1718 3437
1718 3438
214 429
214 430
429 859
429 860
859 1719
859 1720
1719 3439
1719 3440
1720 3441
1720 3442
860 1721
860 1722
1721 3443
1721 3444
1722 3445
1722 3446
430 861
430 862
861 1723
861 1724
1723 3447
1723 3448
1724 3449
1724 3450
862 1725
862 1726
1725 3451
1725 3452
1726 3453
1726 3454
26 53
26 54
53 107
53 108
107 215
107 216
215 431
215 432
431 863
431 864
863 1727
863 1728
1727 3455
1727 3456
1728 3457
1728 3458
864 1729
864 1730
1729 3459
1729 3460
1730 3461
1730 3462
432 865
432 866
865 1731
865 1732
1731 3463
1731 3464
1732 3465
1732 3466
866 1733
866 1734
1733 3467
1733 3468
1734 3469
1734 3470
216 433
216 434
433 867
433 868
867 1735
867 1736
1735 3471
1735 3472
1736 3473
1736 3474
868 1737
868 1738
1737 3475
1737 3476
1738 3477
1738 3478
434 869
434 870
869 1739
869 1740
1739 3479
1739 3480
1740 3481
1740 3482
870 1741
870 1742
1741 3483
1741 3484
1742 3485
1742 3486
108 217
108 218
217 435
217 436
435 871
435 872
871 1743
871 1744
1743 3487
1743 3488
1744 3489
1744 3490
872 1745
872 1746
1745 3491
1745 3492
1746 3493
1746 3494
436 873
436 874
873 1747
873 1748
1747 3495
1747 3496
1748 3497
1748 3498
874 1749
874 1750
1749 3499
1749 3500
1750 3501
1750 3502
218 437
218 438
437 875
437 876
875 1751
875 1752
1751 3503
1751 3504
1752 3505
1752 3506
876 1753
876 1754
1753 3507
1753 3508
1754 3509
1754 3510
438 877
438 878
877 1755
877 1756
1755 3511
1755 3512
1756 3513
1756 3514
878 1757
878 1758
1757 3515
1757 3516
1758 3517
1758 3518
54 109
54 110
109 219
109 220
219 439
219 440
439 879
439 880
879 1759
879 1760
1759 3519
1759 3520
1760 3521
1760 3522
880 1761
880 1762
1761 3523
1761 3524
1762 3525
1762 3526
440 881
440 882
881 1763
881 1764
1763 3527
1763 3528
1764 3529
1764 3530
882 1765
882 1766
1765 3531
1765 3532
1766 3533
1766 3534
220 441
220 442
441 883
441 884
883 1767
883 1768
1767 3535
1767 3536
1768 3537
1768 3538
884 1769
884 1770
1769 3539
1769 3540
1770 3541
1770 3542
442 885
442 886
885 1771
885 1772
1771 3543
1771 3544
1772 3545
1772 3546
886 1773
886 1774
1773 3547
1773 3548
1774 3549
1774 3550
110 221
110 222
221 443
221 444
443 887
443 888
887 1775
887 1776
1775 3551
1775 3552
1776 3553
1776 3554
888 1777
888 1778
1777 3555
1777 3556
1778 3557
1778 3558
444 889
444 890
889 1779
889 1780
1779 3559
1779 3560
1780 3561
1780 3562
890 1781
890 1782
1781 3563
1781 3564
1782 3565
1782 3566
222 445
222 446
445 891
445 892
891 1783
891 1784
1783 3567
1783 3568
1784 3569
1784 3570
892 1785
892 1786
1785 3571
1785 3572
1786 3573
1786 3574
446 893
446 894
893 1787
893 1788
1787 3575
1787 3576
1788 3577
1788 3578
894 1789
894 1790
1789 3579
1789 3580
1790 3581
1790 3582
6 13
6 14
13 27
13 28
27 55
27 56
55 111
55 112
111 223
111 224
223 447
223 448
447 895
447 896
895 1791
895 1792
1791 3583
1791 3584
1792 3585
1792 3586
896 1793
896 1794
1793 3587
1793 3588
1794 3589
1794 3590
448 897
448 898
897 1795
897 1796
1795 3591
1795 3592
1796 3593
1796 3594
898 1797
898 1798
1797 3595
1797 3596
1798 3597
1798 3598
224 449
224 450
449 899
449 900
899 1799
899 1800
1799 3599
1799 3600
1800 3601
1800 3602
900 1801
900 1802
1801 3603
1801 3604
1802 3605
1802 3606
450 901
450 902
901 1803
901 1804
1803 3607
1803 3608
1804 3609
1804 3610
902 1805
902 1806
1805 3611
1805 3612
1806 3613
1806 3614
112 225
112 226
225 451
225 452
451 903
451 904
903 1807
903 1808
1807 3615
1807 3616
1808 3617
1808 3618
904 1809
904 1810
1809 3619
1809 3620
1810 3621
1810 3622
452 905
452 906
905 1811
905 1812
1811 3623
1811 3624
1812 3625
1812 3626
906 1813
906 1814
1813 3627
1813 3628
1814 3629
1814 3630
226 453
226 454
453 907
453 908
907 1815
907 1816
1815 3631
1815 3632
1816 3633
1816 3634
908 1817
908 1818
1817 3635
1817 3636
1818 3637
1818 3638
454 909
454 910
909 1819
909 1820
1819 3639
1819 3640
1820 3641
1820 3642
910 1821
910 1822
1821 3643
1821 3644
1822 3645
1822 3646
56 113
56 114
113 227
113 228
227 455
227 456
455 911
455 912
911 1823
911 1824
1823 3647
1823 3648
1824 3649
1824 3650
912 1825
912 1826
1825 3651
1825 3652
1826 3653
1826 3654
456 913
456 914
913 1827
913 1828
1827 3655
1827 3656
1828 3657
1828 3658
914 1829
914 1830
1829 3659
1829 3660
1830 3661
1830 3662
228 457
228 458
457 915
457 916
915 1831
915 1832
1831 3663
1831 3664
1832 3665
1832 3666
916 1833
916 1834
1833 3667
1833 3668
1834 3669
1834 3670
458 917
458 918
917 1835
917 1836
1835 3671
1835 3672
1836 3673
1836 3674
918 1837
918 1838
1837 3675
1837 3676
1838 3677
1838 3678
114 229
114 230
229 459
229 460
459 919
459 920
919 1839
919 1840
1839 3679
1839 3680
1840 3681
1840 3682
920 1841
920 1842
1841 3683
1841 3684
1842 3685
1842 3686
460 921
460 922
921 1843
921 1844
1843 3687
1843 3688
1844 3689
1844 3690
922 1845
922 1846
1845 3691
1845 3692
1846 3693
1846 3694
230 461
230 462
461 923
461 924
923 1847
923 1848
1847 3695
1847 3696
1848 3697
1848 3698
924 1849
924 1850
1849 3699
1849 3700
1850 3701
1850 3702
462 925
462 926
925 1851
925 1852
1851 3703
1851 3704
1852 3705
1852 3706
926 1853
926 1854
1853 3707
1853 3708
1854 3709
1854 3710
28 57
28 58
57 115
57 116
115 231
115 232
231 463
231 464
463 927
463 928
927 1855
927 1856
1855 3711
1855 3712
1856 3713
1856 3714
928 1857
928 1858
1857 3715
1857 3716
1858 3717
1858 3718
464 929
464 930
929 1859
929 1860
1859 3719
1859 3720
1860 3721
1860 3722
930 1861
930 1862
1861 3723
1861 3724
1862 3725
1862 3726
232 465
232 466
465 931
465 932
931 1863
931 1864
1863 3727
1863 3728
1864 3729
1864 3730
932 1865
932 1866
1865 3731
1865 3732
1866 3733
1866 3734
466 933
466 934
933 1867
933 1868
1867 3735
1867 3736
1868 3737
1868 3738
934 1869
934 1870
1869 3739
1869 3740
1870 3741
1870 3742
116 233
116 234
233 467
233 468
467 935
467 936
935 1871
935 1872
1871 3743
1871 3744
1872 3745
1872 3746
936 1873
936 1874
1873 3747
1873 3748
1874 3749
1874 3750
468 937
468 938
937 1875
937 1876
1875 3751
1875 3752
1876 3753
1876 3754
938 1877
938 1878
1877 3755
1877 3756
1878 3757
1878 3758
234 469
234 470
469 939
469 940
939 1879
939 1880
1879 3759
1879 3760
1880 3761
1880 3762
940 1881
940 1882
1881 3763
1881 3764
1882 3765
1882 3766
470 941
470 942
941 1883
941 1884
1883 3767
1883 3768
1884 3769
1884 3770
942 1885
942 1886
1885 3771
1885 3772
1886 3773
1886 3774
58 117
58 118
117 235
117 236
235 471
235 472
471 943
471 944
943 1887
943 1888
1887 3775
1887 3776
1888 3777
1888 3778
944 1889
944 1890
1889 3779
1889 3780
1890 3781
1890 3782
472 945
472 946
945 1891
945 1892
1891 3783
1891 3784
1892 3785
1892 3786
946 1893
946 1894
1893 3787
1893 3788
1894 3789
1894 3790
236 473
236 474
473 947
473 948
947 1895
947 1896
1895 3791
1895 3792
1896 3793
1896 3794
948 1897
948 1898
1897 3795
1897 3796
1898 3797
1898 3798
474 949
474 950
949 1899
949 1900
1899 3799
1899 3800
1900 3801
1900 3802
950 1901
950 1902
1901 3803
1901 3804
1902 3805
1902 3806
118 237
118 238
237 475
237 476
475 951
475 952
951 1903
951 1904
1903 3807
1903 3808
1904 3809
1904 3810
952 1905
952 1906
1905 3811
1905 3812
1906 3813
1906 3814
476 953
476 954
953 1907
953 1908
1907 3815
1907 3816
1908 3817
1908 3818
954 1909
954 1910
1909 3819
1909 3820
1910 3821
1910 3822
238 477
238 478
477 955
477 956
955 1911
955 1912
1911 3823
1911 3824
1912 3825
1912 3826
956 1913
956 1914
1913 3827
1913 3828
1914 3829
1914 3830
478 957
478 958
957 1915
957 1916
1915 3831
1915 3832
1916 3833
1916 3834
958 1917
958 1918
1917 3835
1917 3836
1918 3837
1918 3838
14 29
14 30
29 59
29 60
59 119
59 120
119 239
119 240
239 479
239 480
479 959
479 960
959 1919
959 1920
1919 3839
1919 3840
1920 3841
1920 3842
960 1921
960 1922
1921 3843
1921 3844
1922 3845
1922 3846
480 961
480 962
961 1923
961 1924
1923 3847
1923 3848
1924 3849
1924 3850
962 1925
962 1926
1925 3851
1925 3852
1926 3853
1926 3854
240 481
240 482
481 963
481 964
963 1927
963 1928
1927 3855
1927 3856
1928 3857
1928 3858
964 1929
964 1930
1929 3859
1929 3860
1930 3861
1930 3862
482 965
482 966
965 1931
965 1932
1931 3863
1931 3864
1932 3865
1932 3866
966 1933
966 1934
1933 3867
1933 3868
1934 3869
1934 3870
120 241
120 242
241 483
241 484
483 967
483 968
967 1935
967 1936
1935 3871
1935 3872
1936 3873
1936 3874
968 1937
968 1938
1937 3875
1937 3876
1938 3877
1938 3878
484 969
484 970
969 1939
969 1940
1939 3879
1939 3880
1940 3881
1940 3882
970 1941
970 1942
1941 3883
1941 3884
1942 3885
1942 3886
242 485
242 486
485 971
485 972
971 1943
971 1944
1943 3887
1943 3888
1944 3889
1944 3890
972 1945
972 1946
1945 3891
1945 3892
1946 3893
1946 3894
486 973
486 974
973 1947
973 1948
1947 3895
1947 3896
1948 3897
1948 3898
974 1949
974 1950
1949 3899
1949 3900
1950 3901
1950 3902
60 121
60 122
121 243
121 244
243 487
243 488
487 975
487 976
975 1951
975 1952
1951 3903
1951 3904
1952 3905
1952 3906
976 1953
976 1954
1953 3907
1953 3908
1954 3909
1954 3910
488 977
488 978
977 1955
977 1956
1955 3911
1955 3912
1956 3913
1956 3914
978 1957
978 1958
1957 3915
1957 3916
1958 3917
1958 3918
244 489
244 490
489 979
489 980
979 1959
979 1960
1959 3919
1959 3920
1960 3921
1960 3922
980 1961
980 1962
1961 3923
1961 3924
1962 3925
1962 3926
490 981
490 982
981 1963
981 1964
1963 3927
1963 3928
1964 3929
1964 3930
982 1965
982 1966
1965 3931
1965 3932
1966 3933
1966 3934
122 245
122 246
245 491
245 492
491 983
491 984
983 1967
983 1968
1967 3935
1967 3936
1968 3937
1968 3938
984 1969
984 1970
1969 3939
1969 3940
1970 3941
1970 3942
492 985
492 986
985 1971
985 1972
1971 3943
1971 3944
1972 3945
1972 3946
986 1973
986 1974
1973 3947
1973 3948
1974 3949
1974 3950
246 493
246 494
493 987
493 988
987 1975
987 1976
1975 3951
1975 3952
1976 3953
1976 3954
988 1977
988 1978
1977 3955
1977 3956
1978 3957
1978 3958
494 989
494 990
989 1979
989 1980
1979 3959
1979 3960
1980 3961
1980 3962
990 1981
990 1982
1981 3963
1981 3964
1982 3965
1982 3966
30 61
30 62
61 123
61 124
123 247
123 248
247 495
247 496
495 991
495 992
991 1983
991 1984
1983 3967
1983 3968
1984 3969
1984 3970
992 1985
992 1986
1985 3971
1985 3972
1986 3973
1986 3974
496 993
496 994
993 1987
993 1988
1987 3975
1987 3976
1988 3977
1988 3978
994 1989
994 1990
1989 3979
1989 3980
1990 3981
1990 3982
248 497
248 498
497 995
497 996
995 1991
995 1992
1991 3983
1991 3984
1992 3985
1992 3986
996 1993
996 1994
1993 3987
1993 3988
1994 3989
1994 3990
498 997
498 998
997 1995
997 1996
1995 3991
1995 3992
1996 3993
1996 3994
998 1997
998 1998
1997 3995
1997 3996
1998 3997
1998 3998
124 249
124 250
249 499
249 500
499 999
499 1000
999 1999
999 2000
1999 3999
1999 4000
2000 4001
2000 4002
1000 2001
1000 2002
2001 4003
2001 4004
2002 4005
2002 4006
500 1001
500 1002
1001 2003
1001 2004
2003 4007
2003 4008
2004 4009
2004 4010
1002 2005
1002 2006
2005 4011
2005 4012
2006 4013
2006 4014
250 501
250 502
501 1003
501 1004
1003 2007
1003 2008
2007 4015
2007 4016
2008 4017
2008 4018
1004 2009
1004 2010
2009 4019
2009 4020
2010 4021
2010 4022
502 1005
502 1006
1005 2011
1005 2012
2011 4023
2011 4024
2012 4025
2012 4026
1006 2013
1006 2014
2013 4027
2013 4028
2014 4029
2014 4030
62 125
62 126
125 251
125 252
251 503
251 504
503 1007
503 1008
1007 2015
1007 2016
2015 4031
2015 4032
2016 4033
2016 4034
1008 2017
1008 2018
2017 4035
2017 4036
2018 4037
2018 4038
504 1009
504 1010
1009 2019
1009 2020
2019 4039
2019 4040
2020 4041
2020 4042
1010 2021
1010 2022
2021 4043
2021 4044
2022 4045
2022 4046
252 505
252 506
505 1011
505 1012
1011 2023
1011 2024
2023 4047
2023 4048
2024 4049
2024 4050
1012 2025
1012 2026
2025 4051
2025 4052
2026 4053
2026 4054
506 1013
506 1014
1013 2027
1013 2028
2027 4055
2027 4056
2028 4057
2028 4058
1014 2029
1014 2030
2029 4059
2029 4060
2030 4061
2030 4062
126 253
126 254
253 507
253 508
507 1015
507 1016
1015 2031
1015 2032
2031 4063
2031 4064
2032 4065
2032 4066
1016 2033
1016 2034
2033 4067
2033 4068
2034 4069
2034 4070
508 1017
508 1018
1017 2035
1017 2036
2035 4071
2035 4072
2036 4073
2036 4074
1018 2037
1018 2038
2037 4075
2037 4076
2038 4077
2038 4078
254 509
254 510
509 1019
509 1020
1019 2039
1019 2040
2039 4079
2039 4080
2040 4081
2040 4082
1020 2041
1020 2042
2041 4083
2041 4084
2042 4085
2042 4086
510 1021
510 1022
1021 2043
1021 2044
2043 4087
2043 4088
2044 4089
2044 4090
1022 2045
1022 2046
2045 4091
2045 4092
2046 4093
2046 4094
